534.0 7676.0
536.800739476 7652.27495272
539.870235785 7628.57813697
543.181648109 7604.90692314
546.708135631 7581.25868164
550.422857532 7557.63078288
554.298972993 7534.02059725
558.309641197 7510.42549516
562.428021325 7486.84284701
566.627272559 7463.27002321
570.88055408 7439.70439416
575.161025071 7416.14333025
579.441844713 7392.5842019
583.696172187 7369.02437951
587.897166677 7345.46123348
592.017987362 7321.89213422
596.031793426 7298.31445212
599.911744049 7274.72555759
603.630998414 7251.12282104
607.162715702 7227.50361286
610.480055096 7203.86530346
613.559477075 7180.2055867
616.399167367 7156.52428508
619.006093171 7132.82208151
621.387246305 7109.0996613
623.549618587 7085.35770976
625.500201834 7061.59691222
627.245987863 7037.81795398
628.79396849 7014.02152037
630.151135535 6990.20829669
631.324480812 6966.37896827
632.320996141 6942.53422042
633.147673338 6918.67473846
633.81150422 6894.8012077
634.319480605 6870.91431346
634.67859431 6847.01474105
634.895837151 6823.10317579
634.978200947 6799.180303
634.932677515 6775.24680799
634.766258671 6751.30337608
634.485936234 6727.35069258
634.098702019 6703.38944281
633.611547846 6679.42031209
633.03146553 6655.44398572
632.365446889 6631.46114904
631.62048374 6607.47248734
630.8035679 6583.47868596
629.921691188 6559.48043019
628.981845419 6535.47840537
627.991022412 6511.4732968
626.956213983 6487.46578981
625.884411949 6463.4565697
624.782608129 6439.4463218
623.657794338 6415.43573141
622.516962395 6391.42548386
621.367104117 6367.41626446
620.21521132 6343.40875853
619.068275823 6319.40365138
617.933289442 6295.40162833
616.817243994 6271.40337469
615.727131298 6247.40957578
614.669904847 6223.4209125
613.649902865 6199.4377638
612.667216984 6175.46001842
611.721550021 6151.48752019
610.812604792 6127.52011294
609.940084113 6103.55764051
609.1036908 6079.59994673
608.303127671 6055.64687543
607.538097541 6031.69827045
606.808303227 6007.75397563
606.113447546 5983.8138348
605.453233313 5959.87769178
604.827363345 5935.94539043
604.235540458 5912.01677457
603.677467469 5888.09168803
603.152847195 5864.16997466
602.661382451 5840.25147827
602.202776055 5816.33604272
601.776730821 5792.42351183
601.382949568 5768.51372944
601.021135111 5744.60653938
600.690990266 5720.70178549
600.392217851 5696.7993116
600.124520681 5672.89896155
599.887601573 5649.00057916
599.681163343 5625.10400828
599.504908808 5601.20909273
599.358540783 5577.31567636
599.241762087 5553.423603
599.154275534 5529.53271648
599.095783941 5505.64286063
599.065990125 5481.75387929
599.064596902 5457.8656163
599.091307088 5433.97791549
599.1458235 5410.09062069
599.227848954 5386.20357573
599.337086267 5362.31662446
599.473238255 5338.42961071
599.636007735 5314.54237831
599.825097522 5290.65477109
600.040210433 5266.76663289
600.281049286 5242.87780755
600.547316895 5218.98813889
600.838716077 5195.09747076
601.154949649 5171.20564698
601.495720428 5147.31251139
601.860731229 5123.41790783
602.249684869 5099.52168013
602.662284164 5075.62367213
603.098226569 5051.72372815
603.556324221 5027.82177475
604.033525183 5003.91791161
604.526541674 4980.0122603
605.032085912 4956.10494241
605.546870118 4932.19607951
606.06760651 4908.28579319
606.591007307 4884.37420502
607.113784729 4860.46143658
607.632650994 4836.54760945
608.144318321 4812.63284521
608.64549893 4788.71726544
609.13290504 4764.80099172
609.60324887 4740.88414562
610.053242639 4716.96684873
610.479598566 4693.04922263
610.87902887 4669.13138889
611.248245771 4645.21346909
611.583961487 4621.29558482
611.882888237 4597.37785765
612.141738241 4573.46040917
612.357223717 4549.54336094
612.526056886 4525.62683455
612.644949965 4501.71095158
612.710615174 4477.79583361
612.719764732 4453.88160222
612.669110859 4429.96837898
612.555365772 4406.05628548
612.375241692 4382.14544329
612.125450838 4358.235974
611.802705428 4334.32799918
611.403717682 4310.42164041
610.925204401 4286.51701914
610.366091735 4262.614192
609.731055923 4238.71304694
609.025696731 4214.81344485
608.255613925 4190.91524657
607.42640727 4167.01831299
606.543676532 4143.12250496
605.613021477 4119.22768335
604.640041871 4095.33370903
603.63033748 4071.44044287
602.589508069 4047.54774572
601.523153404 4023.65547847
600.436873251 3999.76350196
599.336267377 3975.87167708
598.226935545 3951.97986469
597.114477524 3928.08792565
596.004493077 3904.19572083
594.902581972 3880.3031111
593.814343973 3856.40995732
592.745378847 3832.51612036
591.70128636 3808.62146109
590.687666277 3784.72584037
589.710118364 3760.82911907
588.774242387 3736.93115806
587.885638111 3713.0318182
587.049905303 3689.13096036
586.272643729 3665.2284454
585.559453153 3641.3241342
584.915933343 3617.41788762
584.347684063 3593.50956652
583.86030508 3569.59903177
583.459396159 3545.68614425
583.150557066 3521.7707648
582.939319334 3497.85275774
582.827327293 3473.93218245
582.810316122 3450.00939495
582.883526008 3426.08477609
583.042197135 3402.15870672
583.281569691 3378.23156768
583.596883861 3354.30373983
583.983379831 3330.37560403
584.436297786 3306.44754111
584.950877913 3282.51993194
585.522360397 3258.59315736
586.145985425 3234.66759823
586.816993182 3210.74363539
587.530623855 3186.82164969
588.282117628 3162.902022
589.066714689 3138.98513315
589.879655222 3115.071364
590.716179414 3091.1610954
591.571527451 3067.2547082
592.440939518 3043.35258326
593.319655802 3019.45510141
594.202916488 2995.56264352
595.085961762 2971.67559044
595.964031811 2947.79432301
596.832366819 2923.91922209
597.686206973 2900.05066852
598.520792459 2876.18904316
599.331363463 2852.33472686
600.113162804 2828.48809964
600.862667212 2804.6491489
601.579550259 2780.81684491
602.263996442 2756.98999535
602.916190257 2733.16740794
603.536316202 2709.34789037
604.124558772 2685.53025032
604.681102465 2661.71329551
605.206131776 2637.89583362
605.699831203 2614.07667235
606.162385242 2590.2546194
606.593978389 2566.42848247
606.994795142 2542.59706924
607.365019996 2518.75918743
607.704837449 2494.91364472
608.014431997 2471.05924881
608.293988136 2447.1948074
608.543690364 2423.31912818
608.763723176 2399.43101885
608.95427107 2375.52928712
609.115518542 2351.61274066
609.247650088 2327.68018719
609.350850206 2303.73043439
609.425303391 2279.76228997
609.47119414 2255.77456161
609.488706951 2231.76605703
609.478026319 2207.7355839
609.439336741 2183.68194994
609.372822713 2159.60396283
609.278668733 2135.50043028
609.157059297 2111.37015997
609.008178901 2087.21195961
608.837901929 2063.0263689
608.678562183 2038.82198178
608.570178888 2014.60973163
608.552772104 1990.40055211
608.666361892 1966.20537685
608.950968313 1942.03513951
609.446611428 1917.90077372
610.193311297 1893.81321312
611.231087982 1869.78339136
612.599961542 1845.82224209
614.339952039 1821.94069895
616.491079534 1798.14969557
619.093364087 1774.46016561
622.186825759 1750.88304271
625.811484611 1727.42926051
630.007360703 1704.10975266
634.814474097 1680.93545279
640.272843751 1657.91729439
646.410457468 1635.06446674
653.213517831 1612.38010134
660.659161918 1589.86601542
668.724526807 1567.52402622
677.386749577 1545.35595097
686.622967306 1523.36360691
696.410317073 1501.54881127
706.725935955 1479.91338128
717.546961033 1458.45913418
728.850529383 1437.18788721
740.613778085 1416.1014576
752.813844217 1395.20166259
765.427864858 1374.4903194
778.432977085 1353.96924528
791.806317978 1333.64025746
805.525024614 1313.50517317
819.566234073 1293.56580965
833.907083432 1273.82398413
848.52470977 1254.28151385
863.396250166 1234.94021604
878.498841699 1215.80190795
893.809911124 1196.8685458
909.319765329 1178.1482667
925.036444823 1159.65771765
940.969281716 1141.41416547
957.127608117 1123.43487697
973.520756137 1105.73711897
990.158057885 1088.33815828
1007.04884547 1071.25526172
1024.202451 1054.5056961
1041.62820659 1038.10672824
1059.33544435 1022.07562495
1077.33349639 1006.42965306
1095.63169481 991.186079359
1114.23937173 976.362170682
1133.16585925 961.975193837
1152.42048949 948.04241564
1172.01231374 934.580782146
1191.93989627 921.595260879
1212.18842199 909.075537092
1232.74220573 897.010302213
1253.58556232 885.388247671
1274.70280657 874.198064897
1296.07825332 863.42844532
1317.6962174 853.068080368
1339.54101363 843.105661472
1361.59695684 833.52988006
1383.84836185 824.329427562
1406.2795435 815.492995408
1428.87481661 807.009275026
1451.618496 798.866957846
1474.49489651 791.054735297
1497.48833296 783.561298809
1520.58312018 776.375339811
1543.76357299 769.485549732
1567.01400622 762.880620001
1590.3187347 756.549242049
1613.66257425 750.480499481
1637.03829755 744.66970472
1660.44504711 739.117156572
1683.88214403 733.823293672
1707.34890942 728.788554657
1730.8446644 724.013378164
1754.36873006 719.498202828
1777.92042754 715.243467286
1801.49907792 711.249610173
1825.10400233 707.517070127
1848.73452187 704.046285783
1872.38995765 700.837695778
1896.06963079 697.891738747
1919.7728624 695.208853328
1943.49897358 692.789478155
1967.24728503 690.634036115
1991.01700123 688.738498149
2014.80705137 687.0882906
2038.61632479 685.667313171
2062.44371083 684.459465567
2086.28809883 683.448647488
2110.14837813 682.61875864
2134.02343806 681.953698723
2157.91216796 681.437367441
2181.81345717 681.053664497
2205.72619504 680.786489594
2229.6492709 680.619742434
2253.58157408 680.537322721
2277.52199393 680.523130157
2301.46941979 680.561064445
2325.42274098 680.635025288
2349.38084687 680.728912388
2373.34262677 680.826625449
2397.30697003 680.912064174
2421.27276599 680.969128265
2445.23890398 680.981717425
2469.20427335 680.933731357
2493.16776344 680.809069764
2517.12826358 680.591632348
2541.0846631 680.265318813
2565.03586431 679.814317018
2588.98134759 679.235680012
2612.92139067 678.544204501
2636.85632949 677.755982768
2660.7865 676.887107099
2684.71223813 675.953669776
2708.63387983 674.971763083
2732.55176104 673.957479303
2756.4662177 672.92691072
2780.37758576 671.896149618
2804.28620115 670.88128828
2828.19239983 669.89841899
2852.09651773 668.963634032
2875.99889079 668.093025688
2899.89985496 667.302686243
2923.79974618 666.608707981
2947.6989004 666.027183184
2971.59765354 665.574204136
2995.49634156 665.265863121
3019.3953004 665.118252423
3043.29486601 665.147464325
3067.19537431 665.369591111
3091.09716126 665.800725064
3115.0005628 666.456958467
3138.90591487 667.354383606
3162.81355341 668.509092762
3186.72381437 669.93717822
3210.63696803 671.654639573
3234.55003264 673.672885325
3258.45534564 675.996715852
3282.34488118 678.630418589
3306.21061336 681.578280967
3330.04451631 684.84459042
3353.83856414 688.433634379
3377.58473099 692.349700279
3401.27499096 696.597075551
3424.90131819 701.180047628
3448.45568678 706.102903943
3471.93007087 711.369931928
3495.31644457 716.985419017
3518.60678201 722.953652642
3541.79305729 729.278920235
3564.86724456 735.96550923
3587.82131792 743.017707059
3610.64725149 750.439801155
3633.33701941 758.23607895
3655.88259578 766.410827877
3678.27595473 774.96833537
3700.50907038 783.91288886
3722.57391687 793.248775756
3744.46313998 802.978810591
3766.17186988 813.100359935
3787.69581104 823.609531025
3809.0306679 834.502431095
3830.17214491 845.775167382
3851.11594654 857.423847121
3871.85777724 869.444577548
3892.39334146 881.833465898
3912.71834365 894.586619406
3932.82848827 907.700145309
3952.71947978 921.170150841
3972.38702262 934.992743238
3991.82682125 949.164029737
4011.03458012 963.680117572
4030.0060037 978.537113978
4048.73679643 993.731126192
4067.22266276 1009.25826145
4085.45930716 1025.11462698
4103.44243407 1041.29633003
4121.16774794 1057.79947783
4138.63095325 1074.62017762
4155.82775442 1091.75453662
4172.75332833 1109.19844816
4189.39833539 1126.94597434
4205.75114225 1144.99024721
4221.8000975 1163.32439154
4237.53354976 1181.94153208
4252.93984764 1200.83479358
4268.00733974 1219.9973008
4282.72437467 1239.42217849
4297.07930103 1259.10255141
4311.06046744 1279.03154431
4324.65622251 1299.20228195
4337.85491483 1319.60788907
4350.64489302 1340.24149045
4363.01450568 1361.09621082
4374.95210142 1382.16517495
4386.44602885 1403.44150759
4397.48463658 1424.91833349
4408.05627321 1446.58877741
4418.14928736 1468.4459641
4427.75202762 1490.48301833
4436.8528426 1512.69306483
4445.44008092 1535.06922837
4453.50209118 1557.6046337
4461.02722199 1580.29240558
4468.00382195 1603.12566876
4474.42023968 1626.097548
4480.26546229 1649.20114298
4485.53923397 1672.42913115
4490.25024164 1695.77383891
4494.40744395 1719.22758199
4498.01979959 1742.78267614
4501.09626721 1766.43143708
4503.64580549 1790.16618057
4505.6773731 1813.97922234
4507.1999287 1837.86287812
4508.22243097 1861.80946365
4508.75383857 1885.81129467
4508.80311017 1909.86068691
4508.37920444 1933.94995612
4507.49108005 1958.07141803
4506.14769566 1982.21738838
4504.35800996 2006.38018291
4502.1309816 2030.55211735
4499.47556925 2054.72550744
4496.40073159 2078.89266892
4492.91542728 2103.04591753
4489.02861499 2127.177569
4484.74925339 2151.27993907
4480.08630115 2175.34534348
4475.04871693 2199.36609797
4469.64545941 2223.33451827
4463.88548726 2247.24292012
4457.77775914 2271.08361926
4451.33123372 2294.84893142
4444.55486967 2318.53117235
4437.45762567 2342.12265778
4430.04846037 2365.61570345
4422.33633245 2389.00262509
4414.32797799 2412.27480757
4406.02002474 2435.41940214
4397.40622827 2458.42235708
4388.48034395 2481.26962064
4379.23612716 2503.94714103
4369.66733328 2526.44086646
4359.76771768 2548.73674517
4349.53103573 2570.82072537
4338.95104281 2592.67875528
4328.02149429 2614.29678313
4316.73614556 2635.66075714
4305.08875197 2656.75662553
4293.07306892 2677.57033652
4280.68285177 2698.08783833
4267.9118559 2718.29507919
4254.75383668 2738.17800731
4241.20254949 2757.72257092
4227.25174971 2776.91471824
4212.8951927 2795.74039748
4198.12663384 2814.18555688
4182.93982852 2832.23614465
4167.32853209 2849.87810902
4151.28683957 2867.09783975
4134.82093557 2883.89744422
4117.95209421 2900.29864753
4100.70253844 2916.32440839
4083.09449123 2931.99768548
4065.15017554 2947.34143751
4046.89181434 2962.37862318
4028.34163059 2977.13220119
4009.52184725 2991.62513023
3990.45468729 3005.880369
3971.16237367 3019.9208762
3951.66712935 3033.76961054
3931.99117729 3047.4495307
3912.15674047 3060.98359539
3892.18604184 3074.39476331
3872.10130436 3087.70599315
3851.92475101 3100.94024362
3831.67860474 3114.12047341
3811.38508851 3127.26964122
3791.0664253 3140.41070575
3770.74483806 3153.56662569
3750.44254976 3166.76035976
3730.18178336 3180.01486664
3709.98476182 3193.35310503
3689.87370811 3206.79803364
3669.87084519 3220.37261116
3649.99839602 3234.09979629
3630.27858358 3248.00254773
3610.73363081 3262.10382418
3591.38576069 3276.42658434
3572.25719618 3290.9937869
3553.37016023 3305.82839056
3534.74655401 3320.95299561
3516.39509455 3336.37551883
3498.30697204 3352.08435688
3480.4721642 3368.06655602
3462.88064872 3384.30916253
3445.52240333 3400.79922269
3428.38740572 3417.52378277
3411.4656336 3434.46988903
3394.74706469 3451.62458776
3378.22167668 3468.97492522
3361.87944729 3486.50794769
3345.71035422 3504.21070145
3329.70437519 3522.07023276
3313.85148789 3540.07358789
3298.14167003 3558.20781313
3282.56489933 3576.45995475
3267.11115349 3594.81705901
3251.77041022 3613.26617219
3236.53264723 3631.79434057
3221.38784222 3650.38861041
3206.3259729 3669.036028
3191.33701697 3687.72363959
3176.41095216 3706.43849148
3161.53775615 3725.16762992
3146.70741269 3743.89811113
3131.91238127 3762.62108252
3117.15140017 3781.338067
3102.42418806 3800.05220757
3087.73046363 3818.76664726
3073.06994554 3837.48452908
3058.44235248 3856.20899604
3043.84740312 3874.94319116
3029.28481615 3893.69025745
3014.75431023 3912.45333792
3000.25560404 3931.2355756
2985.78841626 3950.04011348
2971.35246557 3968.8700946
2956.94747065 3987.72866196
2942.57315017 4006.61895857
2928.22922281 4025.54412745
2913.91540724 4044.50731162
2899.63142215 4063.51165409
2885.3769862 4082.56029787
2871.15181809 4101.65638598
2856.95563648 4120.80306143
2842.78816005 4140.00346724
2828.64910747 4159.26074641
2814.53819744 4178.57804197
2800.45514861 4197.95849693
2786.39967968 4217.4052543
2772.37150931 4236.9214571
2758.37035618 4256.51024834
2744.39593898 4276.17477104
2730.44797637 4295.9181682
2716.52618704 4315.74358285
2702.63028966 4335.654158
2688.76000291 4355.65303666
2674.91504546 4375.74336185
2661.095136 4395.92827657
2647.3040519 4416.21094449
2633.57132196 4436.59466012
2619.93654251 4457.08276918
2606.43933316 4477.6786175
2593.1193135 4498.3855509
2580.01610315 4519.2069152
2567.16932169 4540.14605624
2554.61858872 4561.20631984
2542.40352385 4582.39105183
2530.56374667 4603.70359803
2519.13887679 4625.14730426
2508.16853379 4646.72551636
2497.69233728 4668.44158016
2487.74990687 4690.29884147
2478.38086214 4712.30064612
2469.62482269 4734.45033994
2461.52140813 4756.75126876
2454.11023806 4779.20677841
2447.43093207 4801.8202147
2441.52310977 4824.59492346
2436.42639074 4847.53425053
2432.1803946 4870.64154172
2428.82382127 4893.91994341
2426.35557911 4917.36397172
2424.72041922 4940.95639687
2423.85921406 4964.67914784
2423.71283611 4988.5141536
2424.22215782 5012.44334316
2425.32805166 5036.44864548
2426.9713901 5060.51198956
2429.0930456 5084.61530437
2431.63389062 5108.7405189
2434.53479764 5132.86956213
2437.73663911 5156.98436306
2441.18298825 5181.0673052
2444.85396714 5205.10692354
2448.7559801 5229.0961765
2452.89600864 5253.02811969
2457.28103425 5276.89580869
2461.91803846 5300.69229909
2466.81400275 5324.41064648
2471.97590863 5348.04390645
2477.41073761 5371.58513458
2483.12547119 5395.02738647
2489.12709087 5418.3637177
2495.42257815 5441.58718387
2502.01891454 5464.69084055
2508.92308155 5487.66774334
2516.14206067 5510.51094784
2523.68283341 5533.21350962
2531.55238128 5555.76848427
2539.75768577 5578.16892739
2548.30572839 5600.40789456
2557.20349064 5622.47844138
2566.45795404 5644.37362342
2576.07610007 5666.08649629
2586.06491025 5687.61011556
2596.43136607 5708.93753683
2607.18200562 5730.06211298
2618.31200609 5750.98481386
2629.804498 5771.71468607
2641.64203116 5792.26116555
2653.80715537 5812.63368825
2666.28242043 5832.84169011
2679.05037613 5852.89460709
2692.09357228 5872.80187513
2705.39455868 5892.57293017
2718.93588514 5912.21720816
2732.70010144 5931.74414506
2746.6697574 5951.16317679
2760.82740281 5970.48373932
2775.15558747 5989.71526859
2789.63686118 6008.86720055
2804.25377375 6027.94897113
2818.98887498 6046.97001629
2833.82471466 6065.93977198
2848.7438426 6084.86767414
2863.7288086 6103.76315871
2878.76216246 6122.63566165
2893.82645397 6141.4946189
2908.90423295 6160.34946641
2923.97804918 6179.20964012
2939.03045248 6198.08457599
2954.04399264 6216.98370995
2969.00121946 6235.91647795
2983.88632951 6254.89130266
2998.69875381 6273.90723275
3013.44616673 6292.95824463
3028.13632362 6312.03826488
3042.77697983 6331.14122006
3057.37589074 6350.26103675
3071.94081169 6369.39164153
3086.47949805 6388.52696097
3100.99970516 6407.66092164
3115.5091884 6426.78745013
3130.0157031 6445.900473
3144.52700464 6464.99391683
3159.05084837 6484.06170819
3173.59498965 6503.09777366
3188.16718383 6522.09603981
3202.77518628 6541.05043323
3217.42675234 6559.95488047
3232.12963738 6578.80330812
3246.89159675 6597.58964275
3261.72038582 6616.30781093
3276.62375993 6634.95173925
3291.60947445 6653.51535427
3306.68528474 6671.99258257
3321.85894614 6690.37735072
3337.13821403 6708.66358531
3352.53084375 6726.84521289
3368.04459066 6744.91616005
3383.68721013 6762.87035337
3399.4664575 6780.70171941
3415.39008814 6798.40418475
3431.4658574 6815.97167596
3447.70152065 6833.39811963
3464.10483323 6850.67744232
3480.68345477 6867.80365381
3497.43638863 6884.77828621
3514.34720802 6901.61628056
3531.39789203 6918.3339632
3548.57041975 6934.94766047
3565.84677027 6951.47369869
3583.20892268 6967.92840421
3600.63885609 6984.32810335
3618.11854957 7000.68912244
3635.62998223 7017.02778783
3653.15513315 7033.36042584
3670.67598142 7049.70336282
3688.17450615 7066.07292509
3705.63268642 7082.48543898
3723.03250133 7098.95723084
3740.35592996 7115.50462698
3757.58495142 7132.14395376
3774.70154479 7148.8915375
3791.68768916 7165.76370454
3808.52536363 7182.77678121
3825.19654729 7199.94709383
3841.68321923 7217.29096876
3857.96735855 7234.82473232
3874.03094434 7252.56471084
3889.85595568 7270.52723066
3905.42437168 7288.72861812
3920.71817143 7307.18519954
3935.71933411 7325.91330081
3950.41084298 7344.9247127
3964.77915577 7364.21553237
3978.81148127 7383.7784647
3992.49502825 7403.60621458
4005.8170055 7423.69148688
4018.76462178 7444.02698649
4031.32508589 7464.60541829
4043.48560659 7485.41948716
4055.23339267 7506.46189799
4066.55565291 7527.72535565
4077.43959607 7549.20256503
4087.87243095 7570.886231
4097.84136633 7592.76905845
4107.33361097 7614.84375227
4116.33637365 7637.10301733
4124.83686317 7659.53955851
4132.82228829 7682.1460807
4140.27985779 7704.91528878
4147.19713955 7727.83985445
4153.57115568 7750.91157589
4159.40909852 7774.12131163
4164.71866289 7797.45987374
4169.50754362 7820.91807432
4173.78343553 7844.48672544
4177.55403345 7868.15663921
4180.82703222 7891.91862769
4183.61012667 7915.76350299
4185.91101161 7939.68207718
4187.73738189 7963.66516235
4189.09693232 7987.70357059
4189.99735774 8011.78811398
4190.44635297 8035.90960462
4190.45161285 8060.05885458
4190.02083221 8084.22667596
4189.16170586 8108.40388084
4187.88192865 8132.58128131
4186.18919539 8156.74968944
4184.09107112 8180.8998855
4181.59036181 8205.02148238
4178.68385242 8229.10261607
4175.36794131 8253.13132776
4171.63902686 8277.0956586
4167.49350743 8300.98364979
4162.92778139 8324.78334248
4157.93824711 8348.48277785
4152.52130296 8372.06999709
4146.67334731 8395.53304135
4140.39077853 8418.85995181
4133.66999499 8442.03876964
4126.50739505 8465.05753603
4118.89937708 8487.90429214
4110.84233946 8510.56707914
4102.33268054 8533.0339382
4093.36679871 8555.29291051
4083.94109233 8577.33203723
4074.05195976 8599.13935954
4063.69579938 8620.70291861
4052.86900956 8642.01075561
4041.56798866 8663.05091172
4029.78915319 8683.81144308
4017.53363851 8704.28430341
4004.81357344 8724.47052646
3991.64264915 8744.37243642
3978.03455681 8763.9923575
3964.0029876 8783.33261389
3949.56163267 8802.39552978
3934.72418321 8821.18342936
3919.50433038 8839.69863684
3903.91576536 8857.94347639
3887.97217932 8875.92027222
3871.68726342 8893.63134852
3855.07470884 8911.07902948
3838.14820675 8928.26563931
3820.92144832 8945.19350218
3803.40812472 8961.8649423
3785.62192713 8978.28228386
3767.5765467 8994.44785105
3749.28567462 9010.36396807
3730.76300149 9026.03295822
3712.01986277 9041.45344302
3693.05986832 9056.61190086
3673.88504625 9071.492324
3654.49742467 9086.07870469
3634.89903169 9100.35503518
3615.09189544 9114.30530773
3595.07804403 9127.91351457
3574.85950558 9141.16364797
3554.4383082 9154.03970017
3533.81648001 9166.52566342
3512.99604912 9178.60552998
3491.97904365 9190.2632921
3470.76749171 9201.48294202
3449.36342142 9212.24847201
3427.76886091 9222.5438743
3405.98583827 9232.35314116
3384.01638163 9241.66026483
3361.86251911 9250.44923756
3339.52627882 9258.7040516
3317.00968887 9266.40869921
3294.31521741 9273.54923342
3271.45084775 9280.13753677
3248.428321 9286.20309078
3225.2594505 9291.77571528
3201.95604959 9296.88523011
3178.52993159 9301.56145511
3154.99290986 9305.83421011
3131.35679773 9309.73331495
3107.63340854 9313.28858946
3083.83455563 9316.52985347
3059.97205233 9319.48692683
3036.05771199 9322.18962937
3012.10334794 9324.66778092
2988.12077353 9326.95120132
2964.12180208 9329.0697104
2940.11824695 9331.05312801
2916.12192146 9332.93127397
2892.14447196 9334.7336092
2868.19146109 9336.47651892
2844.26077693 9338.15989355
2820.34981704 9339.78256915
2796.45597895 9341.34338179
2772.57666023 9342.84116754
2748.7092584 9344.27476247
2724.85117102 9345.64300264
2700.99979564 9346.94472413
2677.15252979 9348.17876299
2653.30677102 9349.3439553
2629.45991689 9350.43913712
2605.60936493 9351.46314452
2581.75251269 9352.41481358
2557.88675771 9353.29298035
2534.0094989 9354.09647984
2510.11911108 9354.82338082
2486.21666369 9355.46963642
2462.30368728 9356.03083774
2438.38171242 9356.50257586
2414.45226964 9356.88044187
2390.51688951 9357.16002688
2366.57710259 9357.33692196
2342.63443944 9357.4067182
2318.6904306 9357.36500671
2294.74660663 9357.20737856
2270.80449809 9356.92942485
2246.86563554 9356.52673668
2222.93154953 9355.99490512
2199.00377062 9355.32952127
2175.08382936 9354.52617623
2151.17325631 9353.58046108
2127.27358203 9352.48796691
2103.38633707 9351.24428482
2079.51305198 9349.84500589
2055.65525733 9348.28572122
2031.81448366 9346.56202189
2007.9922604 9344.66950085
1984.1897401 9342.60436398
1960.40715573 9340.36431273
1936.64460266 9337.94727236
1912.90217626 9335.35116815
1889.17997189 9332.57392534
1865.47808492 9329.61346923
1841.79661071 9326.46772506
1818.13564464 9323.1346181
1794.49528207 9319.61207363
1770.87561835 9315.8980169
1747.27674887 9311.99037319
1723.69876898 9307.88706775
1700.14177406 9303.58602586
1676.60585946 9299.08517279
1653.09112056 9294.38243379
1629.59765271 9289.47573413
1606.12555129 9284.36299909
1582.67491166 9279.04215392
1559.24582919 9273.5111239
1535.83923272 9267.76718221
1512.46372515 9261.80159808
1489.13204606 9255.60240439
1465.85697514 9249.15760261
1442.65129208 9242.45519421
1419.52777656 9235.48318067
1396.49920827 9228.22956346
1373.5783669 9220.68234405
1350.77803214 9212.82952392
1328.11098368 9204.65910455
1305.5900012 9196.1590874
1283.2278644 9187.31747395
1261.03735296 9178.12226568
1239.03124657 9168.56146406
1217.22232491 9158.62307056
1195.62336769 9148.29508665
1174.24715458 9137.56551382
1153.10646527 9126.42235354
1132.21407946 9114.85360728
1111.58277682 9102.84727651
1091.22533706 9090.39136271
1071.15452777 9077.47389598
1051.38030315 9064.08957804
1031.90621091 9050.24830251
1012.73491151 9035.96206699
993.869065418 9021.24286907
975.3113331 9006.10270634
957.06437502 8990.55357639
939.130851647 8974.6074768
921.513423445 8958.27640519
904.21475088 8941.57235912
887.237494418 8924.50733621
870.584314526 8907.09333403
854.257871669 8889.34235017
838.260826312 8871.26638224
822.595838922 8852.87742782
807.265569965 8834.1874845
792.272679906 8815.20854987
777.619829212 8795.95262153
763.309678349 8776.43169707
749.345075952 8756.65758322
735.731447906 8736.63947284
722.476088815 8716.38466346
709.586335146 8695.90041018
697.069523363 8675.19396807
684.932989933 8654.27259223
673.184071319 8633.14353774
661.830103989 8611.81405969
650.878424406 8590.29141317
640.336369036 8568.58285326
630.211274345 8546.69563505
620.510476798 8524.63701363
611.24131286 8502.41424408
602.411118997 8480.0345815
594.027231674 8457.50528097
586.096987356 8434.83359757
578.627722509 8412.02678639
571.626773597 8389.09210252
565.101477087 8366.03680105
559.059169444 8342.86813706
553.507187132 8319.59336564
548.452866618 8296.21974188
543.899667168 8272.75451482
539.830409565 8249.20490128
536.221074614 8225.57810744
533.047638671 8201.88133944
530.286078095 8178.12180344
527.912369243 8154.30670559
525.902488471 8130.44325206
524.232412139 8106.53864899
522.878116602 8082.60010254
521.815578219 8058.63481886
521.020773347 8034.65000411
520.469678343 8010.65286445
520.138269565 7986.65060603
520.00252337 7962.65043499
520.039228538 7938.6594296
520.242650426 7914.68191644
520.623884507 7890.71957229
521.194709327 7866.77396636
521.966903432 7842.84666784
522.952245368 7818.93924597
524.162513681 7795.05326995
525.609486916 7771.19030899
527.30494362 7747.3519323
529.260662338 7723.5397091
531.488421616 7699.7552086
534.0 7676.0
